IMAGE_NAME AmogusTileSheet.png
TILE_COUNT 17
0 0 32 32
32 0 32 32
64 0 32 32
96 0 32 32
128 0 32 32
0 32 32 32
32 32 32 32
64 32 32 32
96 32 32 32
128 32 32 32
0 64 32 32
32 64 32 32
64 64 32 32
96 64 32 32
128 64 32 32
0 96 32 32
96 96 32 32
GRID 12 13
14 14 14 14 14 14 14 14 14 14 14 14 
14 10 13 10 13 10 13 10 13 10 13 14
14 13 11 12 11 12 11 12 11 12 10 14
14 10 3 4 0 0 0 0 3 4 13 14
14 13 8 9 0 0 0 0 8 9 10 14
14 13 0 0 0 0 0 0 0 0 10 14
14 10 0 0 0 1 2 0 0 0 13 14
14 13 0 0 0 6 7 0 0 0 10 14
14 13 0 0 0 0 0 5 0 0 10 14
14 10 3 4 0 0 0 0 3 4 13 14
14 13 8 9 0 0 0 0 8 9 10 14
14 10 13 10 13 10 13 10 13 10 13 14
14 14 14 14 14 14 14 14 14 14 14 14 
COLLISION_TILES 10 11 12 13 15 16
640 600 25 200 1000 100 30
ENEMY_TYPE 1 // MALENIA = 0, AMOGUS = 1, MAHORAGA = 2
AMOGUS 200 200 50 50 100 2000 100 300 350 75
ENEMY_TEXTURE AmogusAnimations.png