IMAGE_NAME MahoragaTileSheet.png
TILE_COUNT 400
0 0 32 32
32 0 32 32
64 0 32 32
96 0 32 32
128 0 32 32
160 0 32 32
192 0 32 32
224 0 32 32
256 0 32 32
288 0 32 32
320 0 32 32
352 0 32 32
384 0 32 32
416 0 32 32
448 0 32 32
480 0 32 32
512 0 32 32
544 0 32 32
576 0 32 32
608 0 32 32
0 32 32 32
32 32 32 32
64 32 32 32
96 32 32 32
128 32 32 32
160 32 32 32
192 32 32 32
224 32 32 32
256 32 32 32
288 32 32 32
320 32 32 32
352 32 32 32
384 32 32 32
416 32 32 32
448 32 32 32
480 32 32 32
512 32 32 32
544 32 32 32
576 32 32 32
608 32 32 32
0 64 32 32
32 64 32 32
64 64 32 32
96 64 32 32
128 64 32 32
160 64 32 32
192 64 32 32
224 64 32 32
256 64 32 32
288 64 32 32
320 64 32 32
352 64 32 32
384 64 32 32
416 64 32 32
448 64 32 32
480 64 32 32
512 64 32 32
544 64 32 32
576 64 32 32
608 64 32 32
0 96 32 32
32 96 32 32
64 96 32 32
96 96 32 32
128 96 32 32
160 96 32 32
192 96 32 32
224 96 32 32
256 96 32 32
288 96 32 32
320 96 32 32
352 96 32 32
384 96 32 32
416 96 32 32
448 96 32 32
480 96 32 32
512 96 32 32
544 96 32 32
576 96 32 32
608 96 32 32
0 128 32 32
32 128 32 32
64 128 32 32
96 128 32 32
128 128 32 32
160 128 32 32
192 128 32 32
224 128 32 32
256 128 32 32
288 128 32 32
320 128 32 32
352 128 32 32
384 128 32 32
416 128 32 32
448 128 32 32
480 128 32 32
512 128 32 32
544 128 32 32
576 128 32 32
608 128 32 32
0 160 32 32
32 160 32 32
64 160 32 32
96 160 32 32
128 160 32 32
160 160 32 32
192 160 32 32
224 160 32 32
256 160 32 32
288 160 32 32
320 160 32 32
352 160 32 32
384 160 32 32
416 160 32 32
448 160 32 32
480 160 32 32
512 160 32 32
544 160 32 32
576 160 32 32
608 160 32 32
0 192 32 32
32 192 32 32
64 192 32 32
96 192 32 32
128 192 32 32
160 192 32 32
192 192 32 32
224 192 32 32
256 192 32 32
288 192 32 32
320 192 32 32
352 192 32 32
384 192 32 32
416 192 32 32
448 192 32 32
480 192 32 32
512 192 32 32
544 192 32 32
576 192 32 32
608 192 32 32
0 224 32 32
32 224 32 32
64 224 32 32
96 224 32 32
128 224 32 32
160 224 32 32
192 224 32 32
224 224 32 32
256 224 32 32
288 224 32 32
320 224 32 32
352 224 32 32
384 224 32 32
416 224 32 32
448 224 32 32
480 224 32 32
512 224 32 32
544 224 32 32
576 224 32 32
608 224 32 32
0 256 32 32
32 256 32 32
64 256 32 32
96 256 32 32
128 256 32 32
160 256 32 32
192 256 32 32
224 256 32 32
256 256 32 32
288 256 32 32
320 256 32 32
352 256 32 32
384 256 32 32
416 256 32 32
448 256 32 32
480 256 32 32
512 256 32 32
544 256 32 32
576 256 32 32
608 256 32 32
0 288 32 32
32 288 32 32
64 288 32 32
96 288 32 32
128 288 32 32
160 288 32 32
192 288 32 32
224 288 32 32
256 288 32 32
288 288 32 32
320 288 32 32
352 288 32 32
384 288 32 32
416 288 32 32
448 288 32 32
480 288 32 32
512 288 32 32
544 288 32 32
576 288 32 32
608 288 32 32
0 320 32 32
32 320 32 32
64 320 32 32
96 320 32 32
128 320 32 32
160 320 32 32
192 320 32 32
224 320 32 32
256 320 32 32
288 320 32 32
320 320 32 32
352 320 32 32
384 320 32 32
416 320 32 32
448 320 32 32
480 320 32 32
512 320 32 32
544 320 32 32
576 320 32 32
608 320 32 32
0 352 32 32
32 352 32 32
64 352 32 32
96 352 32 32
128 352 32 32
160 352 32 32
192 352 32 32
224 352 32 32
256 352 32 32
288 352 32 32
320 352 32 32
352 352 32 32
384 352 32 32
416 352 32 32
448 352 32 32
480 352 32 32
512 352 32 32
544 352 32 32
576 352 32 32
608 352 32 32
0 384 32 32
32 384 32 32
64 384 32 32
96 384 32 32
128 384 32 32
160 384 32 32
192 384 32 32
224 384 32 32
256 384 32 32
288 384 32 32
320 384 32 32
352 384 32 32
384 384 32 32
416 384 32 32
448 384 32 32
480 384 32 32
512 384 32 32
544 384 32 32
576 384 32 32
608 384 32 32
0 416 32 32
32 416 32 32
64 416 32 32
96 416 32 32
128 416 32 32
160 416 32 32
192 416 32 32
224 416 32 32
256 416 32 32
288 416 32 32
320 416 32 32
352 416 32 32
384 416 32 32
416 416 32 32
448 416 32 32
480 416 32 32
512 416 32 32
544 416 32 32
576 416 32 32
608 416 32 32
0 448 32 32
32 448 32 32
64 448 32 32
96 448 32 32
128 448 32 32
160 448 32 32
192 448 32 32
224 448 32 32
256 448 32 32
288 448 32 32
320 448 32 32
352 448 32 32
384 448 32 32
416 448 32 32
448 448 32 32
480 448 32 32
512 448 32 32
544 448 32 32
576 448 32 32
608 448 32 32
0 480 32 32
32 480 32 32
64 480 32 32
96 480 32 32
128 480 32 32
160 480 32 32
192 480 32 32
224 480 32 32
256 480 32 32
288 480 32 32
320 480 32 32
352 480 32 32
384 480 32 32
416 480 32 32
448 480 32 32
480 480 32 32
512 480 32 32
544 480 32 32
576 480 32 32
608 480 32 32
0 512 32 32
32 512 32 32
64 512 32 32
96 512 32 32
128 512 32 32
160 512 32 32
192 512 32 32
224 512 32 32
256 512 32 32
288 512 32 32
320 512 32 32
352 512 32 32
384 512 32 32
416 512 32 32
448 512 32 32
480 512 32 32
512 512 32 32
544 512 32 32
576 512 32 32
608 512 32 32
0 544 32 32
32 544 32 32
64 544 32 32
96 544 32 32
128 544 32 32
160 544 32 32
192 544 32 32
224 544 32 32
256 544 32 32
288 544 32 32
320 544 32 32
352 544 32 32
384 544 32 32
416 544 32 32
448 544 32 32
480 544 32 32
512 544 32 32
544 544 32 32
576 544 32 32
608 544 32 32
0 576 32 32
32 576 32 32
64 576 32 32
96 576 32 32
128 576 32 32
160 576 32 32
192 576 32 32
224 576 32 32
256 576 32 32
288 576 32 32
320 576 32 32
352 576 32 32
384 576 32 32
416 576 32 32
448 576 32 32
480 576 32 32
512 576 32 32
544 576 32 32
576 576 32 32
608 576 32 32
0 608 32 32
32 608 32 32
64 608 32 32
96 608 32 32
128 608 32 32
160 608 32 32
192 608 32 32
224 608 32 32
256 608 32 32
288 608 32 32
320 608 32 32
352 608 32 32
384 608 32 32
416 608 32 32
448 608 32 32
480 608 32 32
512 608 32 32
544 608 32 32
576 608 32 32
608 608 32 32
GRID 20 20
0 0 2 0 0 5 6 7 8 9 10 0 0 13 14 15 0 0 0 0
20 21 22 23 24 25 26 27 28 29 30 31 32 33 34 35 36 37 38 0
40 41 42 43 44 45 46 47 48 49 50 51 52 53 54 55 56 57 58 59
60 61 62 63 64 65 66 67 68 69 70 71 72 73 74 75 76 77 78 79
80 81 82 83 84 85 86 87 88 89 90 91 92 93 94 95 96 97 98 99
100 101 102 103 104 105 106 107 108 109 110 111 112 113 114 115 116 117 118 119
120 121 122 123 124 125 126 127 128 129 130 131 132 133 134 135 136 137 138 139
140 141 142 143 144 145 146 147 148 149 150 151 152 153 154 155 156 157 158 159
160 161 162 163 164 165 166 167 168 169 170 171 172 173 174 175 176 177 178 179
180 181 182 183 184 185 186 187 188 189 190 191 192 193 194 195 196 197 198 199
200 201 202 203 204 205 206 207 208 209 210 211 212 213 214 215 216 217 218 219
220 221 222 223 224 225 226 227 228 229 230 231 232 233 234 235 236 237 238 239
240 241 242 243 244 245 246 247 248 249 250 251 252 253 254 255 256 257 258 259
260 261 262 263 264 265 266 267 268 269 270 271 272 273 274 275 276 277 278 279
280 281 282 283 284 285 286 287 288 289 290 291 292 293 294 295 296 297 298 299
300 301 302 303 304 305 306 307 308 309 310 311 312 313 314 315 316 317 318 319
320 321 322 323 324 325 326 327 328 329 330 331 332 333 334 335 336 337 338 339
340 341 342 343 344 345 346 347 348 349 350 351 352 353 354 355 356 357 358 359
360 361 362 363 364 365 366 367 368 369 370 371 372 373 374 375 376 377 378 0
0 0 0 0 0 0 0 0 0 390 391 392 393 394 395 0 0 0 0 0
COLLISION_TILES 10 11 12 13 14
640 600 25 200 1000 250 50
ENEMY_TYPE 2 // MALENIA = 0, AMOGUS = 1, MAHORAGA = 2
MAHORAGA 640 200 50 50 100 10000 100 150 250 50
ENEMY_TEXTURE MahoragaSheet.png